1.000000047497451305e-03 8.594673280000000000e+08
2.000000094994902611e-03 8.591282560000000000e+08
3.000000026077032089e-03 8.585635840000000000e+08
4.000000189989805222e-03 8.577735680000000000e+08
4.999999888241291046e-03 8.567596800000000000e+08
6.000000052154064178e-03 8.555224960000000000e+08
7.000000216066837311e-03 8.540634880000000000e+08
8.000000379979610443e-03 8.523834880000000000e+08
8.999999612569808960e-03 8.504848000000000000e+08
9.999999776482582092e-03 8.483690240000000000e+08
1.099999994039535522e-02 8.460382720000000000e+08
1.199999917298555374e-02 8.434954240000000000e+08
1.299999933689832687e-02 8.407424640000000000e+08
1.399999950081110001e-02 8.377822720000000000e+08
1.499999966472387314e-02 8.346174720000000000e+08
1.599999889731407166e-02 8.312516480000000000e+08
1.700000092387199402e-02 8.276874240000000000e+08
1.800000108778476715e-02 8.239292160000000000e+08
1.900000125169754028e-02 8.199797760000000000e+08
2.000000141561031342e-02 8.158436480000000000e+08
2.100000157952308655e-02 8.115248000000000000e+08
2.200000174343585968e-02 8.070266240000000000e+08
2.300000004470348358e-02 8.023539840000000000e+08
2.400000020861625671e-02 7.975116160000000000e+08
2.500000037252902985e-02 7.925037440000000000e+08
2.600000053644180298e-02 7.873348480000000000e+08
2.700000070035457611e-02 7.820101760000000000e+08
2.800000086426734924e-02 7.765348480000000000e+08
2.900000102818012238e-02 7.709132160000000000e+08
3.000000119209289551e-02 7.651510400000000000e+08
3.099999949336051941e-02 7.592535040000000000e+08
3.200000151991844177e-02 7.532254720000000000e+08
3.299999982118606567e-02 7.470730880000000000e+08
3.399999812245368958e-02 7.408017280000000000e+08
3.500000014901161194e-02 7.344160000000000000e+08
3.599999845027923584e-02 7.279226880000000000e+08
3.700000047683715820e-02 7.213267200000000000e+08
3.799999877810478210e-02 7.146344320000000000e+08
3.900000080466270447e-02 7.078506880000000000e+08
3.999999910593032837e-02 7.009818880000000000e+08
4.100000113248825073e-02 6.940332800000000000e+08
4.199999943375587463e-02 6.870112000000000000e+08
4.300000146031379700e-02 6.799207040000000000e+08
4.399999976158142090e-02 6.727680640000000000e+08
4.500000178813934326e-02 6.655585280000000000e+08
4.600000008940696716e-02 6.582976640000000000e+08
4.700000211596488953e-02 6.509920640000000000e+08
4.800000041723251343e-02 6.436462720000000000e+08
4.899999871850013733e-02 6.362663040000000000e+08
4.999999701976776123e-02 6.288574720000000000e+08
5.099999904632568359e-02 6.214254720000000000e+08
5.199999734759330750e-02 6.139752960000000000e+08
5.299999937415122986e-02 6.065121920000000000e+08
5.399999767541885376e-02 5.990416000000000000e+08
5.499999970197677612e-02 5.915684480000000000e+08
5.599999800324440002e-02 5.840975360000000000e+08
5.700000002980232239e-02 5.766341760000000000e+08
5.799999833106994629e-02 5.691831040000000000e+08
5.900000035762786865e-02 5.617485440000000000e+08
5.999999865889549255e-02 5.543358080000000000e+08
6.100000068545341492e-02 5.469480960000000000e+08
6.199999898672103882e-02 5.395909760000000000e+08
6.300000101327896118e-02 5.322679360000000000e+08
6.400000303983688354e-02 5.249831680000000000e+08
6.499999761581420898e-02 5.177404160000000000e+08
6.599999964237213135e-02 5.105436800000000000e+08
6.699999421834945679e-02 5.033965120000000000e+08
6.799999624490737915e-02 4.963021760000000000e+08
6.899999827146530151e-02 4.892642880000000000e+08
7.000000029802322388e-02 4.822857920000000000e+08
7.099999487400054932e-02 4.753696960000000000e+08
7.199999690055847168e-02 4.685192000000000000e+08
7.299999892711639404e-02 4.617362880000000000e+08
7.400000095367431641e-02 4.550244480000000000e+08
7.499999552965164185e-02 4.483853760000000000e+08
7.599999755620956421e-02 4.418215040000000000e+08
7.699999958276748657e-02 4.353350400000000000e+08
7.800000160932540894e-02 4.289277120000000000e+08
7.899999618530273438e-02 4.226016320000000000e+08
7.999999821186065674e-02 4.163580800000000000e+08
8.100000023841857910e-02 4.101985600000000000e+08
8.200000226497650146e-02 4.041247680000000000e+08
8.299999684095382690e-02 3.981375040000000000e+08
8.399999886751174927e-02 3.922375680000000000e+08
8.500000089406967163e-02 3.864266240000000000e+08
8.600000292062759399e-02 3.807048000000000000e+08
8.699999749660491943e-02 3.750726720000000000e+08
8.799999952316284180e-02 3.695311040000000000e+08
8.900000154972076416e-02 3.640801600000000000e+08
9.000000357627868652e-02 3.587200640000000000e+08
9.099999815225601196e-02 3.534509120000000000e+08
9.200000017881393433e-02 3.482725120000000000e+08
9.300000220537185669e-02 3.431851200000000000e+08
9.400000423192977905e-02 3.381879680000000000e+08
9.499999880790710449e-02 3.332810880000000000e+08
9.600000083446502686e-02 3.284634880000000000e+08
9.700000286102294922e-02 3.237349760000000000e+08
9.800000488758087158e-02 3.190945600000000000e+08
9.899999946355819702e-02 3.145417920000000000e+08
1.000000014901161194e-01 3.100754880000000000e+08
1.010000035166740417e-01 3.056946880000000000e+08
1.020000055432319641e-01 3.013984000000000000e+08
1.030000001192092896e-01 2.971856960000000000e+08
1.040000021457672119e-01 2.930549760000000000e+08
1.049999967217445374e-01 2.890052800000000000e+08
1.059999987483024597e-01 2.850350400000000000e+08
1.069999933242797852e-01 2.811431680000000000e+08
1.079999953508377075e-01 2.773279680000000000e+08
1.089999973773956299e-01 2.735880000000000000e+08
1.099999994039535522e-01 2.699217920000000000e+08
1.109999939799308777e-01 2.663278560000000000e+08
1.119999960064888000e-01 2.628043520000000000e+08
1.129999980330467224e-01 2.593498240000000000e+08
1.140000000596046448e-01 2.559626080000000000e+08
1.149999946355819702e-01 2.526409120000000000e+08
1.159999966621398926e-01 2.493831360000000000e+08
1.169999986886978149e-01 2.461876000000000000e+08
1.180000007152557373e-01 2.430523680000000000e+08
1.189999952912330627e-01 2.399761440000000000e+08
1.199999973177909851e-01 2.369568320000000000e+08
1.209999993443489075e-01 2.339929120000000000e+08
1.220000013709068298e-01 2.310824640000000000e+08
1.229999959468841553e-01 2.282240800000000000e+08
1.239999979734420776e-01 2.254159360000000000e+08
1.250000000000000000e-01 2.226562240000000000e+08
1.260000020265579224e-01 2.199436160000000000e+08
1.270000040531158447e-01 2.172761440000000000e+08
1.280000060796737671e-01 2.146523680000000000e+08
1.289999932050704956e-01 2.120708800000000000e+08
1.299999952316284180e-01 2.095298240000000000e+08
1.309999972581863403e-01 2.070279680000000000e+08
1.319999992847442627e-01 2.045636640000000000e+08
1.329999864101409912e-01 2.021356160000000000e+08
1.339999884366989136e-01 1.997421440000000000e+08
1.349999904632568359e-01 1.973822560000000000e+08
1.359999924898147583e-01 1.950545120000000000e+08
1.369999945163726807e-01 1.927575200000000000e+08
1.379999965429306030e-01 1.904901280000000000e+08
1.389999985694885254e-01 1.882512640000000000e+08
1.400000005960464478e-01 1.860396480000000000e+08
1.409999877214431763e-01 1.838542720000000000e+08
1.419999897480010986e-01 1.816940960000000000e+08
1.429999917745590210e-01 1.795580640000000000e+08
1.439999938011169434e-01 1.774453440000000000e+08
1.449999958276748657e-01 1.753548800000000000e+08
1.459999978542327881e-01 1.732859520000000000e+08
1.469999998807907104e-01 1.712377440000000000e+08
1.480000019073486328e-01 1.692093760000000000e+08
1.489999890327453613e-01 1.672003840000000000e+08
1.499999910593032837e-01 1.652099520000000000e+08
1.509999930858612061e-01 1.632373920000000000e+08
1.519999951124191284e-01 1.612823200000000000e+08
1.529999971389770508e-01 1.593441120000000000e+08
1.539999991655349731e-01 1.574222560000000000e+08
1.550000011920928955e-01 1.555163360000000000e+08
1.560000032186508179e-01 1.536259840000000000e+08
1.569999903440475464e-01 1.517508640000000000e+08
1.579999923706054688e-01 1.498906080000000000e+08
1.589999943971633911e-01 1.480448960000000000e+08
1.599999964237213135e-01 1.462136160000000000e+08
1.609999984502792358e-01 1.443964320000000000e+08
1.620000004768371582e-01 1.425931840000000000e+08
1.630000025033950806e-01 1.408037120000000000e+08
1.640000045299530029e-01 1.390279680000000000e+08
1.649999916553497314e-01 1.372658240000000000e+08
1.659999936819076538e-01 1.355172320000000000e+08
1.669999957084655762e-01 1.337820560000000000e+08
1.679999977350234985e-01 1.320604640000000000e+08
1.689999997615814209e-01 1.303522320000000000e+08
1.700000017881393433e-01 1.286575440000000000e+08
1.710000038146972656e-01 1.269764080000000000e+08
1.720000058412551880e-01 1.253088320000000000e+08
1.729999929666519165e-01 1.236549920000000000e+08
1.739999949932098389e-01 1.220148400000000000e+08
1.749999970197677612e-01 1.203885760000000000e+08
1.759999990463256836e-01 1.187762560000000000e+08
1.770000010728836060e-01 1.171779840000000000e+08
1.780000030994415283e-01 1.155938960000000000e+08
1.790000051259994507e-01 1.140241760000000000e+08
1.800000071525573730e-01 1.124688400000000000e+08
1.809999942779541016e-01 1.109280800000000000e+08
1.819999963045120239e-01 1.094020000000000000e+08
1.829999983310699463e-01 1.078908080000000000e+08
1.840000003576278687e-01 1.063945600000000000e+08
1.850000023841857910e-01 1.049134080000000000e+08
1.860000044107437134e-01 1.034473920000000000e+08
1.870000064373016357e-01 1.019968320000000000e+08
1.880000084638595581e-01 1.005616560000000000e+08
1.889999955892562866e-01 9.914204000000000000e+07
1.899999976158142090e-01 9.773811200000000000e+07
1.909999996423721313e-01 9.634982400000000000e+07
1.920000016689300537e-01 9.497741600000000000e+07
1.930000036954879761e-01 9.362088800000000000e+07
1.940000057220458984e-01 9.228028000000000000e+07
1.950000077486038208e-01 9.095570400000000000e+07
1.960000097751617432e-01 8.964716000000000000e+07
1.969999969005584717e-01 8.835465600000000000e+07
1.979999989271163940e-01 8.707824800000000000e+07
1.990000009536743164e-01 8.581788800000000000e+07
2.000000029802322388e-01 8.457357600000000000e+07
2.010000050067901611e-01 8.334532000000000000e+07
2.020000070333480835e-01 8.213308800000000000e+07
2.030000090599060059e-01 8.093677600000000000e+07
2.040000110864639282e-01 7.975633600000000000e+07
2.049999982118606567e-01 7.859176000000000000e+07
2.060000002384185791e-01 7.744292000000000000e+07
2.070000022649765015e-01 7.630968000000000000e+07
2.080000042915344238e-01 7.519192000000000000e+07
2.090000063180923462e-01 7.408963200000000000e+07
2.100000083446502686e-01 7.300250400000000000e+07
2.110000103712081909e-01 7.193056800000000000e+07
2.120000123977661133e-01 7.087357600000000000e+07
2.129999995231628418e-01 6.983139200000000000e+07
2.140000015497207642e-01 6.880380000000000000e+07
2.150000035762786865e-01 6.779064800000000000e+07
2.160000056028366089e-01 6.679176000000000000e+07
2.169999927282333374e-01 6.580691200000000000e+07
2.179999947547912598e-01 6.483588000000000000e+07
2.189999967813491821e-01 6.387847200000000000e+07
2.199999988079071045e-01 6.293445600000000000e+07
2.209999859333038330e-01 6.200363200000000000e+07
2.219999879598617554e-01 6.108574800000000000e+07
2.229999899864196777e-01 6.018061600000000000e+07
2.239999920129776001e-01 5.928793600000000000e+07
2.249999940395355225e-01 5.840745600000000000e+07
2.259999960660934448e-01 5.753899200000000000e+07
2.269999980926513672e-01 5.668229600000000000e+07
2.280000001192092896e-01 5.583710000000000000e+07
2.289999872446060181e-01 5.500315600000000000e+07
2.299999892711639404e-01 5.418024400000000000e+07
2.309999912977218628e-01 5.336808800000000000e+07
2.319999933242797852e-01 5.256649200000000000e+07
2.329999953508377075e-01 5.177517200000000000e+07
2.339999973773956299e-01 5.099391600000000000e+07
2.349999994039535522e-01 5.022249200000000000e+07
2.360000014305114746e-01 4.946067200000000000e+07
2.369999885559082031e-01 4.870823200000000000e+07
2.379999905824661255e-01 4.796493600000000000e+07
2.389999926090240479e-01 4.723059200000000000e+07
2.399999946355819702e-01 4.650497600000000000e+07
2.409999966621398926e-01 4.578790000000000000e+07
2.419999986886978149e-01 4.507917600000000000e+07
2.430000007152557373e-01 4.437856000000000000e+07
2.440000027418136597e-01 4.368594000000000000e+07
2.449999898672103882e-01 4.300110800000000000e+07
2.459999918937683105e-01 4.232390000000000000e+07
2.469999939203262329e-01 4.165416000000000000e+07
2.479999959468841553e-01 4.099174000000000000e+07
2.489999979734420776e-01 4.033647200000000000e+07
2.500000000000000000e-01 3.968823600000000000e+07
2.509999871253967285e-01 3.904691600000000000e+07
2.520000040531158447e-01 3.841237200000000000e+07
2.529999911785125732e-01 3.778452400000000000e+07
2.540000081062316895e-01 3.716322800000000000e+07
2.549999952316284180e-01 3.654841600000000000e+07
2.560000121593475342e-01 3.593997600000000000e+07
2.569999992847442627e-01 3.533786400000000000e+07
2.579999864101409912e-01 3.474198400000000000e+07
2.590000033378601074e-01 3.415226400000000000e+07
2.599999904632568359e-01 3.356868800000000000e+07
2.610000073909759521e-01 3.299113800000000000e+07
2.619999945163726807e-01 3.241962800000000000e+07
2.630000114440917969e-01 3.185408400000000000e+07
2.639999985694885254e-01 3.129450200000000000e+07
2.649999856948852539e-01 3.074085200000000000e+07
2.659999728202819824e-01 3.019311600000000000e+07
2.669999897480010986e-01 2.965125800000000000e+07
2.679999768733978271e-01 2.911529400000000000e+07
2.689999938011169434e-01 2.858520000000000000e+07
2.699999809265136719e-01 2.806100600000000000e+07
2.709999978542327881e-01 2.754267200000000000e+07
2.719999849796295166e-01 2.703025400000000000e+07
2.730000019073486328e-01 2.652372000000000000e+07
2.739999890327453613e-01 2.602312200000000000e+07
2.750000059604644775e-01 2.552844000000000000e+07
2.759999930858612061e-01 2.503973000000000000e+07
2.770000100135803223e-01 2.455697200000000000e+07
2.779999971389770508e-01 2.408021200000000000e+07
2.790000140666961670e-01 2.360946200000000000e+07
2.800000011920928955e-01 2.314476400000000000e+07
2.809999883174896240e-01 2.268612200000000000e+07
2.819999754428863525e-01 2.223356400000000000e+07
2.829999923706054688e-01 2.178709000000000000e+07
2.839999794960021973e-01 2.134676000000000000e+07
2.849999964237213135e-01 2.091255600000000000e+07
2.859999835491180420e-01 2.048453800000000000e+07
2.870000004768371582e-01 2.006267600000000000e+07
2.879999876022338867e-01 1.964703200000000000e+07
2.890000045299530029e-01 1.923757600000000000e+07
2.899999916553497314e-01 1.883435600000000000e+07
2.910000085830688477e-01 1.843734800000000000e+07
2.919999957084655762e-01 1.804658200000000000e+07
2.930000126361846924e-01 1.766203800000000000e+07
2.939999997615814209e-01 1.728373600000000000e+07
2.950000166893005371e-01 1.691164000000000000e+07
2.960000038146972656e-01 1.654577500000000000e+07
2.969999909400939941e-01 1.618611300000000000e+07
2.979999780654907227e-01 1.583263500000000000e+07
2.989999949932098389e-01 1.548530700000000000e+07
2.999999821186065674e-01 1.514413200000000000e+07
3.009999990463256836e-01 1.480906200000000000e+07
3.019999861717224121e-01 1.448008000000000000e+07
3.030000030994415283e-01 1.415712900000000000e+07
3.039999902248382568e-01 1.384019800000000000e+07
3.050000071525573730e-01 1.352920300000000000e+07
3.059999942779541016e-01 1.322413100000000000e+07
3.070000112056732178e-01 1.292490900000000000e+07
3.079999983310699463e-01 1.263149600000000000e+07
3.090000152587890625e-01 1.234381000000000000e+07
3.100000023841857910e-01 1.206181400000000000e+07
3.110000193119049072e-01 1.178541900000000000e+07
3.120000064373016357e-01 1.151457500000000000e+07
3.129999935626983643e-01 1.124919300000000000e+07
3.139999806880950928e-01 1.098920900000000000e+07
3.149999976158142090e-01 1.073452300000000000e+07
3.159999847412109375e-01 1.048507900000000000e+07
3.170000016689300537e-01 1.024076600000000000e+07
3.179999887943267822e-01 1.000152600000000000e+07
3.190000057220458984e-01 9.767245000000000000e+06
3.199999928474426270e-01 9.537852000000000000e+06
3.210000097751617432e-01 9.313240000000000000e+06
3.219999969005584717e-01 9.093331000000000000e+06
3.230000138282775879e-01 8.878016000000000000e+06
3.240000009536743164e-01 8.667207000000000000e+06
3.250000178813934326e-01 8.460804000000000000e+06
3.260000050067901611e-01 8.258715500000000000e+06
3.270000219345092773e-01 8.060833500000000000e+06
3.280000090599060059e-01 7.867077500000000000e+06
3.289999961853027344e-01 7.677338000000000000e+06
3.299999833106994629e-01 7.491527000000000000e+06
3.310000002384185791e-01 7.309534500000000000e+06
3.319999873638153076e-01 7.131279500000000000e+06
3.330000042915344238e-01 6.956656500000000000e+06
3.339999914169311523e-01 6.785586500000000000e+06
3.350000083446502686e-01 6.617965500000000000e+06
3.359999954700469971e-01 6.453712000000000000e+06
3.370000123977661133e-01 6.292729000000000000e+06
3.379999995231628418e-01 6.134939500000000000e+06
3.390000164508819580e-01 5.980251000000000000e+06
3.400000035762786865e-01 5.828591000000000000e+06
3.410000205039978027e-01 5.679868500000000000e+06
3.420000076293945312e-01 5.534017500000000000e+06
3.430000245571136475e-01 5.390953000000000000e+06
3.440000116825103760e-01 5.250611500000000000e+06
3.449999988079071045e-01 5.112924500000000000e+06
3.459999859333038330e-01 4.977818000000000000e+06
3.470000028610229492e-01 4.845231500000000000e+06
3.479999899864196777e-01 4.715106000000000000e+06
3.490000069141387939e-01 4.587381000000000000e+06
3.499999940395355225e-01 4.462005000000000000e+06
3.510000109672546387e-01 4.338926000000000000e+06
3.519999980926513672e-01 4.218099000000000000e+06
3.529999852180480957e-01 4.099471000000000000e+06
3.539999723434448242e-01 3.983009000000000000e+06
3.549999892711639404e-01 3.868659000000000000e+06
3.559999763965606689e-01 3.756401000000000000e+06
3.569999933242797852e-01 3.646189500000000000e+06
3.579999804496765137e-01 3.538002250000000000e+06
3.589999973773956299e-01 3.431804250000000000e+06
3.599999845027923584e-01 3.327575250000000000e+06
3.610000014305114746e-01 3.225289500000000000e+06
3.619999885559082031e-01 3.124930500000000000e+06
3.630000054836273193e-01 3.026473000000000000e+06
3.639999926090240479e-01 2.929911000000000000e+06
3.650000095367431641e-01 2.835222250000000000e+06
3.659999966621398926e-01 2.742401500000000000e+06
3.670000135898590088e-01 2.651436750000000000e+06
3.680000007152557373e-01 2.562320750000000000e+06
3.689999878406524658e-01 2.475047750000000000e+06
3.699999749660491943e-01 2.389614500000000000e+06
3.709999918937683105e-01 2.306011250000000000e+06
3.719999790191650391e-01 2.224242250000000000e+06
3.729999959468841553e-01 2.144303750000000000e+06
3.739999830722808838e-01 2.066198750000000000e+06
3.750000000000000000e-01 1.989924250000000000e+06
3.759999871253967285e-01 1.915482250000000000e+06
3.770000040531158447e-01 1.842872375000000000e+06
3.779999911785125732e-01 1.772105750000000000e+06
3.790000081062316895e-01 1.703172750000000000e+06
3.799999952316284180e-01 1.636078250000000000e+06
3.810000121593475342e-01 1.570829500000000000e+06
3.819999992847442627e-01 1.507426750000000000e+06
3.830000162124633789e-01 1.445865250000000000e+06
3.840000033378601074e-01 1.386153750000000000e+06
3.849999904632568359e-01 1.328289500000000000e+06
3.859999775886535645e-01 1.272269375000000000e+06
3.869999945163726807e-01 1.218091750000000000e+06
3.879999816417694092e-01 1.165757250000000000e+06
3.889999985694885254e-01 1.115262500000000000e+06
3.899999856948852539e-01 1.066603875000000000e+06
3.910000026226043701e-01 1.019767375000000000e+06
3.919999897480010986e-01 9.747561875000000000e+05
3.930000066757202148e-01 9.315565000000000000e+05
3.939999938011169434e-01 8.901596250000000000e+05
3.950000107288360596e-01 8.505534375000000000e+05
3.959999978542327881e-01 8.127268750000000000e+05
3.970000147819519043e-01 7.766612500000000000e+05
3.980000019073486328e-01 7.423457500000000000e+05
3.990000188350677490e-01 7.097594375000000000e+05
4.000000059604644775e-01 6.788845000000000000e+05
4.009999930858612061e-01 6.496950625000000000e+05
4.019999802112579346e-01 6.221785000000000000e+05
4.029999971389770508e-01 5.963029375000000000e+05
4.039999842643737793e-01 5.720442500000000000e+05
4.050000011920928955e-01 5.493748125000000000e+05
4.059999883174896240e-01 5.282676250000000000e+05
4.070000052452087402e-01 5.086899375000000000e+05
4.079999923706054688e-01 4.906155000000000000e+05
4.090000092983245850e-01 4.740063125000000000e+05
4.099999964237213135e-01 4.588275625000000000e+05
4.110000133514404297e-01 4.450473125000000000e+05
4.120000004768371582e-01 4.326267500000000000e+05
4.130000174045562744e-01 4.215293750000000000e+05
4.140000045299530029e-01 4.117165625000000000e+05
4.150000214576721191e-01 4.031466250000000000e+05
4.160000085830688477e-01 3.957808750000000000e+05
4.169999957084655762e-01 3.895773125000000000e+05
4.179999828338623047e-01 3.844935000000000000e+05
4.189999997615814209e-01 3.804886875000000000e+05
4.199999868869781494e-01 3.775172500000000000e+05
4.210000038146972656e-01 3.755402500000000000e+05
4.219999909400939941e-01 3.745109375000000000e+05
4.230000078678131104e-01 3.743870625000000000e+05
4.239999949932098389e-01 3.751228125000000000e+05
4.250000119209289551e-01 3.766779375000000000e+05
4.259999990463256836e-01 3.790093750000000000e+05
4.270000159740447998e-01 3.820693750000000000e+05
4.280000030994415283e-01 3.858211875000000000e+05
4.290000200271606445e-01 3.902161250000000000e+05
4.300000071525573730e-01 3.952154375000000000e+05
4.310000240802764893e-01 4.007825000000000000e+05
4.320000112056732178e-01 4.068705000000000000e+05
4.329999983310699463e-01 4.134429062500000000e+05
4.339999854564666748e-01 4.204602500000000000e+05
4.350000023841857910e-01 4.278867500000000000e+05
4.359999895095825195e-01 4.356843437500000000e+05
4.370000064373016357e-01 4.438203125000000000e+05
4.379999935626983643e-01 4.522544375000000000e+05
4.390000104904174805e-01 4.609614375000000000e+05
4.399999976158142090e-01 4.699027500000000000e+05
4.410000145435333252e-01 4.790534062500000000e+05
4.420000016689300537e-01 4.883833437500000000e+05
4.430000185966491699e-01 4.978661562500000000e+05
4.440000057220458984e-01 5.074688750000000000e+05
4.450000226497650146e-01 5.171792187500000000e+05
4.460000097751617432e-01 5.269623750000000000e+05
4.470000267028808594e-01 5.368069375000000000e+05
4.480000138282775879e-01 5.466867500000000000e+05
4.490000009536743164e-01 5.565851250000000000e+05
4.499999880790710449e-01 5.664867500000000000e+05
4.510000050067901611e-01 5.763772500000000000e+05
4.519999921321868896e-01 5.862393750000000000e+05
4.530000090599060059e-01 5.960633750000000000e+05
4.539999961853027344e-01 6.058416875000000000e+05
4.550000131130218506e-01 6.155586250000000000e+05
4.560000002384185791e-01 6.252108125000000000e+05
4.569999873638153076e-01 6.347935625000000000e+05
4.579999744892120361e-01 6.442979375000000000e+05
4.589999914169311523e-01 6.537222500000000000e+05
4.599999785423278809e-01 6.630652500000000000e+05
4.609999954700469971e-01 6.723231875000000000e+05
4.619999825954437256e-01 6.814975625000000000e+05
4.629999995231628418e-01 6.905892500000000000e+05
4.639999866485595703e-01 6.995993750000000000e+05
4.650000035762786865e-01 7.085323750000000000e+05
4.659999907016754150e-01 7.173915000000000000e+05
4.670000076293945312e-01 7.261815000000000000e+05
4.679999947547912598e-01 7.349072500000000000e+05
4.690000116825103760e-01 7.435761250000000000e+05
4.699999988079071045e-01 7.521936250000000000e+05
4.710000157356262207e-01 7.607665625000000000e+05
4.720000028610229492e-01 7.693022500000000000e+05
4.729999899864196777e-01 7.778091250000000000e+05
4.739999771118164062e-01 7.862973750000000000e+05
4.749999940395355225e-01 7.947752500000000000e+05
4.759999811649322510e-01 8.032460000000000000e+05
4.769999980926513672e-01 8.117218125000000000e+05
4.779999852180480957e-01 8.202130000000000000e+05
4.790000021457672119e-01 8.287246875000000000e+05
4.799999892711639404e-01 8.372666250000000000e+05
4.810000061988830566e-01 8.458470000000000000e+05
4.819999933242797852e-01 8.544746250000000000e+05
4.830000102519989014e-01 8.631515000000000000e+05
4.839999973773956299e-01 8.718923750000000000e+05
4.850000143051147461e-01 8.806993750000000000e+05
4.860000014305114746e-01 8.895800625000000000e+05
4.870000183582305908e-01 8.985366875000000000e+05
4.880000054836273193e-01 9.075775625000000000e+05
4.889999926090240479e-01 9.167052500000000000e+05
4.899999797344207764e-01 9.259243750000000000e+05
4.909999966621398926e-01 9.352355000000000000e+05
4.919999837875366211e-01 9.446446875000000000e+05
4.930000007152557373e-01 9.541485000000000000e+05
4.939999878406524658e-01 9.637505000000000000e+05
4.950000047683715820e-01 9.734488125000000000e+05
4.959999918937683105e-01 9.832420000000000000e+05
4.970000088214874268e-01 9.931335000000000000e+05
4.979999959468841553e-01 1.003109750000000000e+06
4.990000128746032715e-01 1.013178500000000000e+06
5.000000000000000000e-01 1.023329500000000000e+06
5.009999871253967285e-01 1.033557500000000000e+06
5.020000338554382324e-01 1.043856000000000000e+06
5.030000209808349609e-01 1.054222250000000000e+06
5.040000081062316895e-01 1.064643875000000000e+06
5.049999952316284180e-01 1.075112750000000000e+06
5.059999823570251465e-01 1.085624000000000000e+06
5.069999694824218750e-01 1.096164375000000000e+06
5.080000162124633789e-01 1.106724500000000000e+06
5.090000033378601074e-01 1.117295125000000000e+06
5.099999904632568359e-01 1.127863250000000000e+06
5.109999775886535645e-01 1.138415125000000000e+06
5.120000243186950684e-01 1.148943000000000000e+06
5.130000114440917969e-01 1.159425750000000000e+06
5.139999985694885254e-01 1.169859125000000000e+06
5.149999856948852539e-01 1.180224750000000000e+06
5.160000324249267578e-01 1.190508000000000000e+06
5.170000195503234863e-01 1.200695500000000000e+06
5.180000066757202148e-01 1.210774500000000000e+06
5.189999938011169434e-01 1.220731125000000000e+06
5.200000405311584473e-01 1.230548250000000000e+06
5.210000276565551758e-01 1.240212000000000000e+06
5.220000147819519043e-01 1.249706250000000000e+06
5.230000019073486328e-01 1.259021250000000000e+06
5.240000486373901367e-01 1.268136000000000000e+06
5.250000357627868652e-01 1.277043500000000000e+06
5.260000228881835938e-01 1.285728500000000000e+06
5.270000100135803223e-01 1.294172500000000000e+06
5.280000567436218262e-01 1.302365750000000000e+06
5.289999842643737793e-01 1.310296375000000000e+06
5.299999713897705078e-01 1.317949250000000000e+06
5.309999585151672363e-01 1.325315500000000000e+06
5.320000052452087402e-01 1.332382500000000000e+06
5.329999923706054688e-01 1.339141250000000000e+06
5.339999794960021973e-01 1.345577750000000000e+06
5.349999666213989258e-01 1.351684250000000000e+06
5.360000133514404297e-01 1.357453125000000000e+06
5.370000004768371582e-01 1.362875875000000000e+06
5.379999876022338867e-01 1.367945000000000000e+06
5.389999747276306152e-01 1.372652000000000000e+06
5.400000214576721191e-01 1.376993500000000000e+06
5.410000085830688477e-01 1.380964125000000000e+06
5.419999957084655762e-01 1.384559750000000000e+06
5.429999828338623047e-01 1.387774500000000000e+06
5.440000295639038086e-01 1.390608250000000000e+06
5.450000166893005371e-01 1.393057500000000000e+06
5.460000038146972656e-01 1.395124250000000000e+06
5.469999909400939941e-01 1.396805500000000000e+06
5.480000376701354980e-01 1.398101250000000000e+06
5.490000247955322266e-01 1.399017500000000000e+06
5.500000119209289551e-01 1.399550750000000000e+06
5.509999990463256836e-01 1.399706125000000000e+06
5.520000457763671875e-01 1.399490000000000000e+06
5.529999732971191406e-01 1.398905500000000000e+06
5.539999604225158691e-01 1.397954250000000000e+06
5.549999475479125977e-01 1.396646750000000000e+06
5.559999942779541016e-01 1.394987375000000000e+06
5.569999814033508301e-01 1.392985875000000000e+06
5.579999685287475586e-01 1.390647000000000000e+06
5.589999556541442871e-01 1.387979500000000000e+06
5.600000023841857910e-01 1.384993750000000000e+06
5.609999895095825195e-01 1.381699125000000000e+06
5.619999766349792480e-01 1.378106000000000000e+06
5.629999637603759766e-01 1.374221750000000000e+06
5.640000104904174805e-01 1.370059000000000000e+06
5.649999976158142090e-01 1.365629125000000000e+06
5.659999847412109375e-01 1.360942625000000000e+06
5.669999718666076660e-01 1.356013375000000000e+06
5.680000185966491699e-01 1.350850000000000000e+06
5.690000057220458984e-01 1.345467250000000000e+06
5.699999928474426270e-01 1.339872750000000000e+06
5.709999799728393555e-01 1.334082000000000000e+06
5.720000267028808594e-01 1.328107000000000000e+06
5.730000138282775879e-01 1.321959000000000000e+06
5.740000009536743164e-01 1.315651500000000000e+06
5.749999880790710449e-01 1.309190750000000000e+06
5.760000348091125488e-01 1.302596750000000000e+06
5.770000219345092773e-01 1.295873625000000000e+06
5.780000090599060059e-01 1.289039750000000000e+06
5.789999961853027344e-01 1.282100000000000000e+06
5.800000429153442383e-01 1.275067750000000000e+06
5.810000300407409668e-01 1.267955750000000000e+06
5.820000171661376953e-01 1.260769250000000000e+06
5.830000042915344238e-01 1.253520375000000000e+06
5.840000510215759277e-01 1.246219500000000000e+06
5.849999785423278809e-01 1.238873750000000000e+06
5.859999656677246094e-01 1.231492250000000000e+06
5.869999527931213379e-01 1.224082250000000000e+06
5.879999995231628418e-01 1.216651250000000000e+06
5.889999866485595703e-01 1.209205125000000000e+06
5.899999737739562988e-01 1.201752500000000000e+06
5.909999608993530273e-01 1.194296750000000000e+06
5.920000076293945312e-01 1.186844125000000000e+06
5.929999947547912598e-01 1.179399500000000000e+06
5.939999818801879883e-01 1.171966000000000000e+06
5.949999690055847168e-01 1.164548000000000000e+06
5.960000157356262207e-01 1.157147500000000000e+06
5.970000028610229492e-01 1.149769125000000000e+06
5.979999899864196777e-01 1.142409500000000000e+06
5.989999771118164062e-01 1.135076375000000000e+06
6.000000238418579102e-01 1.127765000000000000e+06
6.010000109672546387e-01 1.120477000000000000e+06
6.019999980926513672e-01 1.113214000000000000e+06
6.029999852180480957e-01 1.105973500000000000e+06
6.040000319480895996e-01 1.098753750000000000e+06
6.050000190734863281e-01 1.091556500000000000e+06
6.060000061988830566e-01 1.084375875000000000e+06
6.069999933242797852e-01 1.077209875000000000e+06
6.080000400543212891e-01 1.070056000000000000e+06
6.090000271797180176e-01 1.062909500000000000e+06
6.100000143051147461e-01 1.055771250000000000e+06
6.110000014305114746e-01 1.048631625000000000e+06
6.120000481605529785e-01 1.041488875000000000e+06
6.130000352859497070e-01 1.034338562500000000e+06
6.140000224113464355e-01 1.027176875000000000e+06
6.150000095367431641e-01 1.019997937500000000e+06
6.160000562667846680e-01 1.012796750000000000e+06
6.169999837875366211e-01 1.005570250000000000e+06
6.179999709129333496e-01 9.983116250000000000e+05
6.189999580383300781e-01 9.910150625000000000e+05
6.200000047683715820e-01 9.836763125000000000e+05
6.209999918937683105e-01 9.762911875000000000e+05
6.219999790191650391e-01 9.688525000000000000e+05
6.229999661445617676e-01 9.613565000000000000e+05
6.240000128746032715e-01 9.537991250000000000e+05
6.250000000000000000e-01 9.461755000000000000e+05
6.259999871253967285e-01 9.384808125000000000e+05
6.269999742507934570e-01 9.307093750000000000e+05
6.280000209808349609e-01 9.228593125000000000e+05
6.290000081062316895e-01 9.149247500000000000e+05
6.299999952316284180e-01 9.069061250000000000e+05
6.309999823570251465e-01 8.987958750000000000e+05
6.320000290870666504e-01 8.905933125000000000e+05
6.330000162124633789e-01 8.822957500000000000e+05
6.340000033378601074e-01 8.739010000000000000e+05
6.349999904632568359e-01 8.654080000000000000e+05
6.360000371932983398e-01 8.568138750000000000e+05
6.370000243186950684e-01 8.481199375000000000e+05
6.380000114440917969e-01 8.393241250000000000e+05
6.389999985694885254e-01 8.304267500000000000e+05
6.400000452995300293e-01 8.214280625000000000e+05
6.409999728202819824e-01 8.123290000000000000e+05
6.419999599456787109e-01 8.031324375000000000e+05
6.429999470710754395e-01 7.938365000000000000e+05
6.439999938011169434e-01 7.844432500000000000e+05
6.449999809265136719e-01 7.749599375000000000e+05
6.459999680519104004e-01 7.653866250000000000e+05
6.469999551773071289e-01 7.557260000000000000e+05
6.480000019073486328e-01 7.459821250000000000e+05
6.489999890327453613e-01 7.361606250000000000e+05
6.499999761581420898e-01 7.262655000000000000e+05
6.509999632835388184e-01 7.163021875000000000e+05
6.520000100135803223e-01 7.062720625000000000e+05
6.529999971389770508e-01 6.961870625000000000e+05
6.539999842643737793e-01 6.860500000000000000e+05
6.549999713897705078e-01 6.758658750000000000e+05
6.560000181198120117e-01 6.656415000000000000e+05
6.570000052452087402e-01 6.553853125000000000e+05
6.579999923706054688e-01 6.451058750000000000e+05
6.589999794960021973e-01 6.348058125000000000e+05
6.600000262260437012e-01 6.244945000000000000e+05
6.610000133514404297e-01 6.141798125000000000e+05
6.620000004768371582e-01 6.038715625000000000e+05
6.629999876022338867e-01 5.935738750000000000e+05
6.640000343322753906e-01 5.832951250000000000e+05
6.650000214576721191e-01 5.730450625000000000e+05
6.660000085830688477e-01 5.628300000000000000e+05
6.669999957084655762e-01 5.526596875000000000e+05
6.680000424385070801e-01 5.425400000000000000e+05
6.690000295639038086e-01 5.324787500000000000e+05
6.700000166893005371e-01 5.224851562500000000e+05
6.710000038146972656e-01 5.125651250000000000e+05
6.720000505447387695e-01 5.027270000000000000e+05
6.729999780654907227e-01 4.929790312500000000e+05
6.739999651908874512e-01 4.833266250000000000e+05
6.749999523162841797e-01 4.737768750000000000e+05
6.759999990463256836e-01 4.643350312500000000e+05
6.769999861717224121e-01 4.550111250000000000e+05
6.779999732971191406e-01 4.458083750000000000e+05
6.789999604225158691e-01 4.367348437500000000e+05
6.800000071525573730e-01 4.277917187500000000e+05
6.809999942779541016e-01 4.189888125000000000e+05
6.819999814033508301e-01 4.103281562500000000e+05
6.829999685287475586e-01 4.018155000000000000e+05
6.840000152587890625e-01 3.934543125000000000e+05
6.850000023841857910e-01 3.852479375000000000e+05
6.859999895095825195e-01 3.772011250000000000e+05
6.869999766349792480e-01 3.693155937500000000e+05
6.880000233650207520e-01 3.615939375000000000e+05
6.890000104904174805e-01 3.540388125000000000e+05
6.899999976158142090e-01 3.466500000000000000e+05
6.909999847412109375e-01 3.394323750000000000e+05
6.920000314712524414e-01 3.323824062500000000e+05
6.930000185966491699e-01 3.255038750000000000e+05
6.940000057220458984e-01 3.187976250000000000e+05
6.949999928474426270e-01 3.122581562500000000e+05
6.960000395774841309e-01 3.058905000000000000e+05
6.970000267028808594e-01 2.996903750000000000e+05
6.980000138282775879e-01 2.936590625000000000e+05
6.990000009536743164e-01 2.877921875000000000e+05
7.000000476837158203e-01 2.820866250000000000e+05
7.010000348091125488e-01 2.765425625000000000e+05
7.020000219345092773e-01 2.711571250000000000e+05
7.030000090599060059e-01 2.659268750000000000e+05
7.040000557899475098e-01 2.608465000000000000e+05
7.049999833106994629e-01 2.559150000000000000e+05
7.059999704360961914e-01 2.511275312500000000e+05
7.069999575614929199e-01 2.464805937500000000e+05
7.080000042915344238e-01 2.419693750000000000e+05
7.089999914169311523e-01 2.375876250000000000e+05
7.099999785423278809e-01 2.333349375000000000e+05
7.109999656677246094e-01 2.292017812500000000e+05
7.120000123977661133e-01 2.251855000000000000e+05
7.129999995231628418e-01 2.212837500000000000e+05
7.139999866485595703e-01 2.174881875000000000e+05
7.149999737739562988e-01 2.137942500000000000e+05
7.160000205039978027e-01 2.101972812500000000e+05
7.170000076293945312e-01 2.066940625000000000e+05
7.179999947547912598e-01 2.032767187500000000e+05
7.189999818801879883e-01 1.999383750000000000e+05
7.200000286102294922e-01 1.966814062500000000e+05
7.210000157356262207e-01 1.934922812500000000e+05
7.220000028610229492e-01 1.903744375000000000e+05
7.229999899864196777e-01 1.873166562500000000e+05
7.240000367164611816e-01 1.843162500000000000e+05
7.250000238418579102e-01 1.813722187500000000e+05
7.260000109672546387e-01 1.784759062500000000e+05
7.269999980926513672e-01 1.756269062500000000e+05
7.280000448226928711e-01 1.728175312500000000e+05
7.289999723434448242e-01 1.700489687500000000e+05
7.299999594688415527e-01 1.673146250000000000e+05
7.309999465942382812e-01 1.646107187500000000e+05
7.319999933242797852e-01 1.619364375000000000e+05
7.329999804496765137e-01 1.592895312500000000e+05
7.339999675750732422e-01 1.566667187500000000e+05
7.349999547004699707e-01 1.540651250000000000e+05
7.360000014305114746e-01 1.514843437500000000e+05
7.369999885559082031e-01 1.489234375000000000e+05
7.379999756813049316e-01 1.463806562500000000e+05
7.389999628067016602e-01 1.438534687500000000e+05
7.400000095367431641e-01 1.413424687500000000e+05
7.409999966621398926e-01 1.388496875000000000e+05
7.419999837875366211e-01 1.363701875000000000e+05
7.429999709129333496e-01 1.339088125000000000e+05
7.440000176429748535e-01 1.314638437500000000e+05
7.450000047683715820e-01 1.290353437500000000e+05
7.459999918937683105e-01 1.266280000000000000e+05
7.469999790191650391e-01 1.242368437500000000e+05
7.480000257492065430e-01 1.218705625000000000e+05
7.490000128746032715e-01 1.195248750000000000e+05
7.500000000000000000e-01 1.172069375000000000e+05
7.509999871253967285e-01 1.149145312500000000e+05
7.520000338554382324e-01 1.126533125000000000e+05
7.530000209808349609e-01 1.104225625000000000e+05
7.540000081062316895e-01 1.082267812500000000e+05
7.549999952316284180e-01 1.060725625000000000e+05
7.560000419616699219e-01 1.039534375000000000e+05
7.570000290870666504e-01 1.018810937500000000e+05
7.580000162124633789e-01 9.985659375000000000e+04
7.590000033378601074e-01 9.788015625000000000e+04
7.600000500679016113e-01 9.595815625000000000e+04
7.609999775886535645e-01 9.409459375000000000e+04
7.619999647140502930e-01 9.229059375000000000e+04
7.629999518394470215e-01 9.054925000000000000e+04
7.639999985694885254e-01 8.887503125000000000e+04
7.649999856948852539e-01 8.727250000000000000e+04
7.659999728202819824e-01 8.574406250000000000e+04
7.669999599456787109e-01 8.429031250000000000e+04
7.680000066757202148e-01 8.291578125000000000e+04
7.689999938011169434e-01 8.162596875000000000e+04
7.699999809265136719e-01 8.042228125000000000e+04
7.709999680519104004e-01 7.930850000000000000e+04
7.720000147819519043e-01 7.828421875000000000e+04
7.730000019073486328e-01 7.735290625000000000e+04
7.739999890327453613e-01 7.651909375000000000e+04
7.749999761581420898e-01 7.578487500000000000e+04
7.760000228881835938e-01 7.514759375000000000e+04
7.770000100135803223e-01 7.461487500000000000e+04
7.779999971389770508e-01 7.418443750000000000e+04
7.789999842643737793e-01 7.385753125000000000e+04
7.800000309944152832e-01 7.363675000000000000e+04
7.810000181198120117e-01 7.352353125000000000e+04
7.820000052452087402e-01 7.351584375000000000e+04
7.829999923706054688e-01 7.361631250000000000e+04
7.840000391006469727e-01 7.382396875000000000e+04
7.850000262260437012e-01 7.413912500000000000e+04
7.860000133514404297e-01 7.456003125000000000e+04
7.870000004768371582e-01 7.508840625000000000e+04
7.880000472068786621e-01 7.571868750000000000e+04
7.890000343322753906e-01 7.645421875000000000e+04
7.900000214576721191e-01 7.729218750000000000e+04
7.910000085830688477e-01 7.823015625000000000e+04
7.920000553131103516e-01 7.926725000000000000e+04
7.929999828338623047e-01 8.039806250000000000e+04
7.939999699592590332e-01 8.162428125000000000e+04
7.949999570846557617e-01 8.293993750000000000e+04
7.960000038146972656e-01 8.434540625000000000e+04
7.969999909400939941e-01 8.583412500000000000e+04
7.979999780654907227e-01 8.740534375000000000e+04
7.989999651908874512e-01 8.905278125000000000e+04
8.000000119209289551e-01 9.077687500000000000e+04
8.009999990463256836e-01 9.257125000000000000e+04
8.019999861717224121e-01 9.443125000000000000e+04
8.029999732971191406e-01 9.635387500000000000e+04
8.040000200271606445e-01 9.833534375000000000e+04
8.050000071525573730e-01 1.003697500000000000e+05
8.059999942779541016e-01 1.024550937500000000e+05
8.069999814033508301e-01 1.045838437500000000e+05
8.080000281333923340e-01 1.067552500000000000e+05
8.090000152587890625e-01 1.089619687500000000e+05
8.100000023841857910e-01 1.111992500000000000e+05
8.109999895095825195e-01 1.134640937500000000e+05
8.120000362396240234e-01 1.157512812500000000e+05
8.130000233650207520e-01 1.180563437500000000e+05
8.140000104904174805e-01 1.203743750000000000e+05
8.149999976158142090e-01 1.227010625000000000e+05
8.160000443458557129e-01 1.250309375000000000e+05
8.169999718666076660e-01 1.273621250000000000e+05
8.179999589920043945e-01 1.296868125000000000e+05
8.189999461174011230e-01 1.320049375000000000e+05
8.199999928474426270e-01 1.343101562500000000e+05
8.209999799728393555e-01 1.365975937500000000e+05
8.219999670982360840e-01 1.388686875000000000e+05
8.229999542236328125e-01 1.411130000000000000e+05
8.240000009536743164e-01 1.433305312500000000e+05
8.249999880790710449e-01 1.455182500000000000e+05
8.259999752044677734e-01 1.476739375000000000e+05
8.269999623298645020e-01 1.497922187500000000e+05
8.280000090599060059e-01 1.518716875000000000e+05
8.289999961853027344e-01 1.539103750000000000e+05
8.299999833106994629e-01 1.559060000000000000e+05
8.309999704360961914e-01 1.578539375000000000e+05
8.320000171661376953e-01 1.597576875000000000e+05
8.330000042915344238e-01 1.616110312500000000e+05
8.339999914169311523e-01 1.634148750000000000e+05
8.349999785423278809e-01 1.651687812500000000e+05
8.360000252723693848e-01 1.668695312500000000e+05
8.370000123977661133e-01 1.685161250000000000e+05
8.379999995231628418e-01 1.701118125000000000e+05
8.389999866485595703e-01 1.716530000000000000e+05
8.400000333786010742e-01 1.731408750000000000e+05
8.410000205039978027e-01 1.745762500000000000e+05
8.420000076293945312e-01 1.759589687500000000e+05
8.429999947547912598e-01 1.772885625000000000e+05
8.440000414848327637e-01 1.785684375000000000e+05
8.450000286102294922e-01 1.797960000000000000e+05
8.460000157356262207e-01 1.809757187500000000e+05
8.470000028610229492e-01 1.821076875000000000e+05
8.480000495910644531e-01 1.831919062500000000e+05
8.489999771118164062e-01 1.842351250000000000e+05
8.499999642372131348e-01 1.852304375000000000e+05
8.509999513626098633e-01 1.861878750000000000e+05
8.519999980926513672e-01 1.871073750000000000e+05
8.529999852180480957e-01 1.879881250000000000e+05
8.539999723434448242e-01 1.888340000000000000e+05
8.549999594688415527e-01 1.896479062500000000e+05
8.560000061988830566e-01 1.904316250000000000e+05
8.569999933242797852e-01 1.911887187500000000e+05
8.579999804496765137e-01 1.919201875000000000e+05
8.589999675750732422e-01 1.926271562500000000e+05
8.600000143051147461e-01 1.933147500000000000e+05
8.610000014305114746e-01 1.939853750000000000e+05
8.619999885559082031e-01 1.946395312500000000e+05
8.629999756813049316e-01 1.952824062500000000e+05
8.640000224113464355e-01 1.959133750000000000e+05
8.650000095367431641e-01 1.965355000000000000e+05
8.659999966621398926e-01 1.971517812500000000e+05
8.669999837875366211e-01 1.977649375000000000e+05
8.680000305175781250e-01 1.983758750000000000e+05
8.690000176429748535e-01 1.989877812500000000e+05
8.700000047683715820e-01 1.996008437500000000e+05
8.709999918937683105e-01 2.002182187500000000e+05
8.720000386238098145e-01 2.008412500000000000e+05
8.730000257492065430e-01 2.014698437500000000e+05
8.740000128746032715e-01 2.021088750000000000e+05
8.750000000000000000e-01 2.027564687500000000e+05
8.760000467300415039e-01 2.034160937500000000e+05
8.770000338554382324e-01 2.040861875000000000e+05
8.780000209808349609e-01 2.047703437500000000e+05
8.790000081062316895e-01 2.054646562500000000e+05
8.800000548362731934e-01 2.061754062500000000e+05
8.809999823570251465e-01 2.068987812500000000e+05
8.819999694824218750e-01 2.076352187500000000e+05
8.829999566078186035e-01 2.083867500000000000e+05
8.840000033378601074e-01 2.091511875000000000e+05
8.849999904632568359e-01 2.099288437500000000e+05
8.859999775886535645e-01 2.107199062500000000e+05
8.869999647140502930e-01 2.115224687500000000e+05
8.880000114440917969e-01 2.123352187500000000e+05
8.889999985694885254e-01 2.131601562500000000e+05
8.899999856948852539e-01 2.139896562500000000e+05
8.909999728202819824e-01 2.148297812500000000e+05
8.920000195503234863e-01 2.156755937500000000e+05
8.930000066757202148e-01 2.165242187500000000e+05
8.939999938011169434e-01 2.173746562500000000e+05
8.949999809265136719e-01 2.182269687500000000e+05
8.960000276565551758e-01 2.190771875000000000e+05
8.970000147819519043e-01 2.199200937500000000e+05
8.980000019073486328e-01 2.207634687500000000e+05
8.989999890327453613e-01 2.215961875000000000e+05
9.000000357627868652e-01 2.224163750000000000e+05
9.010000228881835938e-01 2.232249375000000000e+05
9.020000100135803223e-01 2.240194375000000000e+05
9.029999971389770508e-01 2.247942500000000000e+05
9.040000438690185547e-01 2.255468750000000000e+05
9.049999713897705078e-01 2.262804062500000000e+05
9.059999585151672363e-01 2.269855937500000000e+05
9.069999456405639648e-01 2.276631250000000000e+05
9.079999923706054688e-01 2.283104062500000000e+05
9.089999794960021973e-01 2.289232187500000000e+05
9.099999666213989258e-01 2.294991562500000000e+05
9.109999537467956543e-01 2.300381562500000000e+05
9.120000004768371582e-01 2.305370000000000000e+05
9.129999876022338867e-01 2.309918125000000000e+05
9.139999747276306152e-01 2.314013750000000000e+05
9.149999618530273438e-01 2.317634062500000000e+05
9.160000085830688477e-01 2.320745937500000000e+05
9.169999957084655762e-01 2.323353125000000000e+05
9.179999828338623047e-01 2.325421250000000000e+05
9.189999699592590332e-01 2.326950000000000000e+05
9.200000166893005371e-01 2.327889687500000000e+05
9.210000038146972656e-01 2.328248750000000000e+05
9.219999909400939941e-01 2.328003750000000000e+05
9.229999780654907227e-01 2.327175000000000000e+05
9.240000247955322266e-01 2.325709687500000000e+05
9.250000119209289551e-01 2.323612500000000000e+05
9.259999990463256836e-01 2.320869062500000000e+05
9.269999861717224121e-01 2.317507500000000000e+05
9.280000329017639160e-01 2.313491250000000000e+05
9.290000200271606445e-01 2.308816250000000000e+05
9.300000071525573730e-01 2.303498750000000000e+05
9.309999942779541016e-01 2.297519062500000000e+05
9.320000410079956055e-01 2.290921250000000000e+05
9.330000281333923340e-01 2.283654062500000000e+05
9.340000152587890625e-01 2.275758437500000000e+05
9.350000023841857910e-01 2.267247187500000000e+05
9.360000491142272949e-01 2.258093437500000000e+05
9.369999766349792480e-01 2.248340937500000000e+05
9.379999637603759766e-01 2.237985312500000000e+05
9.389999508857727051e-01 2.227060000000000000e+05
9.399999976158142090e-01 2.215554687500000000e+05
9.409999847412109375e-01 2.203498125000000000e+05
9.419999718666076660e-01 2.190900000000000000e+05
9.429999589920043945e-01 2.177786562500000000e+05
9.440000057220458984e-01 2.164177187500000000e+05
9.449999928474426270e-01 2.150103125000000000e+05
9.459999799728393555e-01 2.135551875000000000e+05
9.469999670982360840e-01 2.120595937500000000e+05
9.480000138282775879e-01 2.105200625000000000e+05
9.490000009536743164e-01 2.089462812500000000e+05
9.499999880790710449e-01 2.073339375000000000e+05
9.509999752044677734e-01 2.056885312500000000e+05
9.520000219345092773e-01 2.040128125000000000e+05
9.530000090599060059e-01 2.023078750000000000e+05
9.539999961853027344e-01 2.005784687500000000e+05
9.549999833106994629e-01 1.988270625000000000e+05
9.560000300407409668e-01 1.970538125000000000e+05
9.570000171661376953e-01 1.952637500000000000e+05
9.580000042915344238e-01 1.934583437500000000e+05
9.589999914169311523e-01 1.916402500000000000e+05
9.600000381469726562e-01 1.898125312500000000e+05
9.610000252723693848e-01 1.879787812500000000e+05
9.620000123977661133e-01 1.861392187500000000e+05
9.629999995231628418e-01 1.842974687500000000e+05
9.640000462532043457e-01 1.824580625000000000e+05
9.650000333786010742e-01 1.806174375000000000e+05
9.660000205039978027e-01 1.787811562500000000e+05
9.670000076293945312e-01 1.769527187500000000e+05
9.680000543594360352e-01 1.751326875000000000e+05
9.689999818801879883e-01 1.733241562500000000e+05
9.699999690055847168e-01 1.715240312500000000e+05
9.709999561309814453e-01 1.697409687500000000e+05
9.720000028610229492e-01 1.679712500000000000e+05
9.729999899864196777e-01 1.662197187500000000e+05
9.739999771118164062e-01 1.644832500000000000e+05
9.749999642372131348e-01 1.627695937500000000e+05
9.760000109672546387e-01 1.610741875000000000e+05
9.769999980926513672e-01 1.593974375000000000e+05
9.779999852180480957e-01 1.577462187500000000e+05
9.789999723434448242e-01 1.561121875000000000e+05
9.800000190734863281e-01 1.545050625000000000e+05
9.810000061988830566e-01 1.529178750000000000e+05
9.819999933242797852e-01 1.513575312500000000e+05
9.829999804496765137e-01 1.498182812500000000e+05
9.840000271797180176e-01 1.483015937500000000e+05
9.850000143051147461e-01 1.468098125000000000e+05
9.860000014305114746e-01 1.453370312500000000e+05
9.869999885559082031e-01 1.438893750000000000e+05
9.880000352859497070e-01 1.424601562500000000e+05
9.890000224113464355e-01 1.410546562500000000e+05
9.900000095367431641e-01 1.396672812500000000e+05
9.909999966621398926e-01 1.382997187500000000e+05
9.920000433921813965e-01 1.369498750000000000e+05
9.929999709129333496e-01 1.356159375000000000e+05
9.939999580383300781e-01 1.343002500000000000e+05
9.949999451637268066e-01 1.329972500000000000e+05
9.959999918937683105e-01 1.317105625000000000e+05
9.969999790191650391e-01 1.304343437500000000e+05
9.979999661445617676e-01 1.291679375000000000e+05
9.989999532699584961e-01 1.279114687500000000e+05
1.000000000000000000e+00 1.266607812500000000e+05
1.001000046730041504e+00 1.254172187500000000e+05
1.002000093460083008e+00 1.241782187500000000e+05
1.003000020980834961e+00 1.229427500000000000e+05
1.004000067710876465e+00 1.217102812500000000e+05
1.004999995231628418e+00 1.204759375000000000e+05
1.006000041961669922e+00 1.192397500000000000e+05
1.007000088691711426e+00 1.180002500000000000e+05
1.008000016212463379e+00 1.167579375000000000e+05
1.008999943733215332e+00 1.155088437500000000e+05
1.009999990463256836e+00 1.142536875000000000e+05
1.010999917984008789e+00 1.129880000000000000e+05
1.011999964714050293e+00 1.117129687500000000e+05
1.012999892234802246e+00 1.104293125000000000e+05
1.013999938964843750e+00 1.091295000000000000e+05
1.014999985694885254e+00 1.078190937500000000e+05
1.015999913215637207e+00 1.064940937500000000e+05
1.016999959945678711e+00 1.051549062500000000e+05
1.018000006675720215e+00 1.037980000000000000e+05
1.018999934196472168e+00 1.024265937500000000e+05
1.019999980926513672e+00 1.010369687500000000e+05
1.020999908447265625e+00 9.962981250000000000e+04
1.021999955177307129e+00 9.820459375000000000e+04
1.023000001907348633e+00 9.676400000000000000e+04
1.023999929428100586e+00 9.530284375000000000e+04
1.024999976158142090e+00 9.382206250000000000e+04
1.026000022888183594e+00 9.232750000000000000e+04
1.026999950408935547e+00 9.081028125000000000e+04
1.027999997138977051e+00 8.927946875000000000e+04
1.028999924659729004e+00 8.773093750000000000e+04
1.029999971389770508e+00 8.616503125000000000e+04
1.031000018119812012e+00 8.458350000000000000e+04
1.031999945640563965e+00 8.298700000000000000e+04
1.032999992370605469e+00 8.137750000000000000e+04
1.034000039100646973e+00 7.975350000000000000e+04
1.034999966621398926e+00 7.811981250000000000e+04
1.036000013351440430e+00 7.647271875000000000e+04
1.036999940872192383e+00 7.481540625000000000e+04
1.037999987602233887e+00 7.315331250000000000e+04
1.039000034332275391e+00 7.148340625000000000e+04
1.039999961853027344e+00 6.980718750000000000e+04
1.041000008583068848e+00 6.812825000000000000e+04
1.042000055313110352e+00 6.644750000000000000e+04
1.042999982833862305e+00 6.476734375000000000e+04
1.044000029563903809e+00 6.308771875000000000e+04
1.044999957084655762e+00 6.141234375000000000e+04
1.046000003814697266e+00 5.974334375000000000e+04
1.047000050544738770e+00 5.807953125000000000e+04
1.047999978065490723e+00 5.642356250000000000e+04
1.049000024795532227e+00 5.478234375000000000e+04
1.050000071525573730e+00 5.315346875000000000e+04
1.050999999046325684e+00 5.153893750000000000e+04
1.052000045776367188e+00 4.993871875000000000e+04
1.052999973297119141e+00 4.836125000000000000e+04
1.054000020027160645e+00 4.680250000000000000e+04
1.055000066757202148e+00 4.526709375000000000e+04
1.055999994277954102e+00 4.375531250000000000e+04
1.057000041007995605e+00 4.226981250000000000e+04
1.058000087738037109e+00 4.081190625000000000e+04
1.059000015258789062e+00 3.938359375000000000e+04
1.060000061988830566e+00 3.798575000000000000e+04
1.060999989509582520e+00 3.662131250000000000e+04
1.062000036239624023e+00 3.528978125000000000e+04
1.063000082969665527e+00 3.399487500000000000e+04
1.064000010490417480e+00 3.273809375000000000e+04
1.065000057220458984e+00 3.151681250000000000e+04
1.066000103950500488e+00 3.033465625000000000e+04
1.067000031471252441e+00 2.919403125000000000e+04
1.068000078201293945e+00 2.809350000000000000e+04
1.069000005722045898e+00 2.703459375000000000e+04
1.070000052452087402e+00 2.601831250000000000e+04
1.071000099182128906e+00 2.504421875000000000e+04
1.072000026702880859e+00 2.411590625000000000e+04
1.072999954223632812e+00 2.322881250000000000e+04
1.074000000953674316e+00 2.238640625000000000e+04
1.074999928474426270e+00 2.158959375000000000e+04
1.075999975204467773e+00 2.083650000000000000e+04
1.076999902725219727e+00 2.012703125000000000e+04
1.077999949455261230e+00 1.946221875000000000e+04
1.078999996185302734e+00 1.884115625000000000e+04
1.079999923706054688e+00 1.826478125000000000e+04
1.080999970436096191e+00 1.772821875000000000e+04
1.082000017166137695e+00 1.723531250000000000e+04
1.082999944686889648e+00 1.678437500000000000e+04
1.083999991416931152e+00 1.637315625000000000e+04
1.084999918937683105e+00 1.600184375000000000e+04
1.085999965667724609e+00 1.566890625000000000e+04
1.087000012397766113e+00 1.537428125000000000e+04
1.087999939918518066e+00 1.511453125000000000e+04
1.088999986648559570e+00 1.489356250000000000e+04
1.090000033378601074e+00 1.470365625000000000e+04
1.090999960899353027e+00 1.454653125000000000e+04
1.092000007629394531e+00 1.442034375000000000e+04
1.092999935150146484e+00 1.432468750000000000e+04
1.093999981880187988e+00 1.425812500000000000e+04
1.095000028610229492e+00 1.421637500000000000e+04
1.095999956130981445e+00 1.420125000000000000e+04
1.097000002861022949e+00 1.420859375000000000e+04
1.098000049591064453e+00 1.423878125000000000e+04
1.098999977111816406e+00 1.428900000000000000e+04
1.100000023841857910e+00 1.435765625000000000e+04
1.100999951362609863e+00 1.444334375000000000e+04
1.101999998092651367e+00 1.454509375000000000e+04
1.103000044822692871e+00 1.465893750000000000e+04
1.103999972343444824e+00 1.478793750000000000e+04
1.105000019073486328e+00 1.492540625000000000e+04
1.106000065803527832e+00 1.507234375000000000e+04
1.106999993324279785e+00 1.522928125000000000e+04
1.108000040054321289e+00 1.539059375000000000e+04
1.108999967575073242e+00 1.555706250000000000e+04
1.110000014305114746e+00 1.572787500000000000e+04
1.111000061035156250e+00 1.589978125000000000e+04
1.111999988555908203e+00 1.607440625000000000e+04
1.113000035285949707e+00 1.624884375000000000e+04
1.114000082015991211e+00 1.642321875000000000e+04
1.115000009536743164e+00 1.659440625000000000e+04
1.116000056266784668e+00 1.676365625000000000e+04
1.116999983787536621e+00 1.692821875000000000e+04
1.118000030517578125e+00 1.709059375000000000e+04
1.119000077247619629e+00 1.724675000000000000e+04
1.120000004768371582e+00 1.739853125000000000e+04
1.121000051498413086e+00 1.754268750000000000e+04
1.122000098228454590e+00 1.768246875000000000e+04
1.123000025749206543e+00 1.781534375000000000e+04
1.124000072479248047e+00 1.794162500000000000e+04
1.125000000000000000e+00 1.806053125000000000e+04
1.126000046730041504e+00 1.817421875000000000e+04
1.127000093460083008e+00 1.828034375000000000e+04
1.128000020980834961e+00 1.837996875000000000e+04
1.128999948501586914e+00 1.847515625000000000e+04
1.129999995231628418e+00 1.856237500000000000e+04
1.130999922752380371e+00 1.864587500000000000e+04
1.131999969482421875e+00 1.872440625000000000e+04
1.132999897003173828e+00 1.879803125000000000e+04
1.133999943733215332e+00 1.886934375000000000e+04
1.134999990463256836e+00 1.893703125000000000e+04
1.135999917984008789e+00 1.900293750000000000e+04
1.136999964714050293e+00 1.906856250000000000e+04
1.138000011444091797e+00 1.913228125000000000e+04
1.138999938964843750e+00 1.919746875000000000e+04
1.139999985694885254e+00 1.926471875000000000e+04
1.140999913215637207e+00 1.933534375000000000e+04
1.141999959945678711e+00 1.940693750000000000e+04
1.143000006675720215e+00 1.948637500000000000e+04
1.143999934196472168e+00 1.957056250000000000e+04
1.144999980926513672e+00 1.966196875000000000e+04
1.146000027656555176e+00 1.976006250000000000e+04
1.146999955177307129e+00 1.986959375000000000e+04
1.148000001907348633e+00 1.998862500000000000e+04
1.148999929428100586e+00 2.011900000000000000e+04
1.149999976158142090e+00 2.026203125000000000e+04
1.151000022888183594e+00 2.041753125000000000e+04
1.151999950408935547e+00 2.059009375000000000e+04
1.152999997138977051e+00 2.077656250000000000e+04
1.154000043869018555e+00 2.098081250000000000e+04
1.154999971389770508e+00 2.120100000000000000e+04
1.156000018119812012e+00 2.144262500000000000e+04
1.156999945640563965e+00 2.170171875000000000e+04
1.157999992370605469e+00 2.198143750000000000e+04
1.159000039100646973e+00 2.228068750000000000e+04
1.159999966621398926e+00 2.260290625000000000e+04
1.161000013351440430e+00 2.294693750000000000e+04
1.162000060081481934e+00 2.331431250000000000e+04
1.162999987602233887e+00 2.370334375000000000e+04
1.164000034332275391e+00 2.411678125000000000e+04
1.164999961853027344e+00 2.455350000000000000e+04
1.166000008583068848e+00 2.501640625000000000e+04
1.167000055313110352e+00 2.550006250000000000e+04
1.167999982833862305e+00 2.600984375000000000e+04
1.169000029563903809e+00 2.654225000000000000e+04
1.170000076293945312e+00 2.710156250000000000e+04
1.171000003814697266e+00 2.768203125000000000e+04
1.172000050544738770e+00 2.828650000000000000e+04
1.172999978065490723e+00 2.891506250000000000e+04
1.174000024795532227e+00 2.956675000000000000e+04
1.175000071525573730e+00 3.023943750000000000e+04
1.175999999046325684e+00 3.093368750000000000e+04
1.177000045776367188e+00 3.164903125000000000e+04
1.178000092506408691e+00 3.238400000000000000e+04
1.179000020027160645e+00 3.313909375000000000e+04
1.180000066757202148e+00 3.391215625000000000e+04
1.180999994277954102e+00 3.470156250000000000e+04
1.182000041007995605e+00 3.550881250000000000e+04
1.183000087738037109e+00 3.633181250000000000e+04
1.184000015258789062e+00 3.716693750000000000e+04
1.184999942779541016e+00 3.801525000000000000e+04
1.185999989509582520e+00 3.887734375000000000e+04
1.186999917030334473e+00 3.974759375000000000e+04
1.187999963760375977e+00 4.062650000000000000e+04
1.188999891281127930e+00 4.151456250000000000e+04
1.189999938011169434e+00 4.240740625000000000e+04
1.190999984741210938e+00 4.330746875000000000e+04
1.191999912261962891e+00 4.420712500000000000e+04
1.192999958992004395e+00 4.511118750000000000e+04
1.194000005722045898e+00 4.601596875000000000e+04
1.194999933242797852e+00 4.691790625000000000e+04
1.195999979972839355e+00 4.781837500000000000e+04
1.196999907493591309e+00 4.871431250000000000e+04
1.197999954223632812e+00 4.960496875000000000e+04
1.199000000953674316e+00 5.048918750000000000e+04
1.199999928474426270e+00 5.136578125000000000e+04
1.200999975204467773e+00 5.223231250000000000e+04
1.202000021934509277e+00 5.308803125000000000e+04
1.202999949455261230e+00 5.393106250000000000e+04
1.203999996185302734e+00 5.476193750000000000e+04
1.204999923706054688e+00 5.557746875000000000e+04
1.205999970436096191e+00 5.637753125000000000e+04
1.207000017166137695e+00 5.716096875000000000e+04
1.207999944686889648e+00 5.792556250000000000e+04
1.208999991416931152e+00 5.867209375000000000e+04
1.210000038146972656e+00 5.939981250000000000e+04
1.210999965667724609e+00 6.010631250000000000e+04
1.212000012397766113e+00 6.079021875000000000e+04
1.212999939918518066e+00 6.145515625000000000e+04
1.213999986648559570e+00 6.209596875000000000e+04
1.215000033378601074e+00 6.271353125000000000e+04
1.215999960899353027e+00 6.330725000000000000e+04
1.217000007629394531e+00 6.387818750000000000e+04
1.218000054359436035e+00 6.442371875000000000e+04
1.218999981880187988e+00 6.494603125000000000e+04
1.220000028610229492e+00 6.544418750000000000e+04
1.220999956130981445e+00 6.591759375000000000e+04
1.222000002861022949e+00 6.636556250000000000e+04
1.223000049591064453e+00 6.679006250000000000e+04
1.223999977111816406e+00 6.718809375000000000e+04
1.225000023841857910e+00 6.756431250000000000e+04
1.226000070571899414e+00 6.791753125000000000e+04
1.226999998092651367e+00 6.824612500000000000e+04
1.228000044822692871e+00 6.855321875000000000e+04
1.228999972343444824e+00 6.883693750000000000e+04
1.230000019073486328e+00 6.909818750000000000e+04
1.231000065803527832e+00 6.934018750000000000e+04
1.231999993324279785e+00 6.956134375000000000e+04
1.233000040054321289e+00 6.976259375000000000e+04
1.234000086784362793e+00 6.994343750000000000e+04
1.235000014305114746e+00 7.011025000000000000e+04
1.236000061035156250e+00 7.025675000000000000e+04
1.236999988555908203e+00 7.038800000000000000e+04
1.238000035285949707e+00 7.050546875000000000e+04
1.239000082015991211e+00 7.060628125000000000e+04
1.240000009536743164e+00 7.069731250000000000e+04
1.241000056266784668e+00 7.077293750000000000e+04
1.242000102996826172e+00 7.083843750000000000e+04
1.243000030517578125e+00 7.089396875000000000e+04
1.244000077247619629e+00 7.094006250000000000e+04
1.245000004768371582e+00 7.097915625000000000e+04
1.246000051498413086e+00 7.100906250000000000e+04
1.247000098228454590e+00 7.103462500000000000e+04
1.248000025749206543e+00 7.105512500000000000e+04
1.248999953269958496e+00 7.107153125000000000e+04
1.250000000000000000e+00 7.108353125000000000e+04
1.250999927520751953e+00 7.109484375000000000e+04
1.251999974250793457e+00 7.110309375000000000e+04
1.252999901771545410e+00 7.111256250000000000e+04
1.253999948501586914e+00 7.112065625000000000e+04
1.254999995231628418e+00 7.113009375000000000e+04
1.255999922752380371e+00 7.114171875000000000e+04
1.256999969482421875e+00 7.115471875000000000e+04
1.258000016212463379e+00 7.117159375000000000e+04
1.258999943733215332e+00 7.119221875000000000e+04
1.259999990463256836e+00 7.121668750000000000e+04
1.260999917984008789e+00 7.124478125000000000e+04
1.261999964714050293e+00 7.127771875000000000e+04
1.263000011444091797e+00 7.131721875000000000e+04
1.263999938964843750e+00 7.136034375000000000e+04
1.264999985694885254e+00 7.141018750000000000e+04
1.266000032424926758e+00 7.146500000000000000e+04
1.266999959945678711e+00 7.152428125000000000e+04
1.268000006675720215e+00 7.159025000000000000e+04
1.268999934196472168e+00 7.166250000000000000e+04
1.269999980926513672e+00 7.173940625000000000e+04
1.271000027656555176e+00 7.182028125000000000e+04
1.271999955177307129e+00 7.190650000000000000e+04
1.273000001907348633e+00 7.199800000000000000e+04
1.274000048637390137e+00 7.209284375000000000e+04
1.274999976158142090e+00 7.219084375000000000e+04
1.276000022888183594e+00 7.229362500000000000e+04
1.276999950408935547e+00 7.239740625000000000e+04
1.277999997138977051e+00 7.250209375000000000e+04
1.279000043869018555e+00 7.260959375000000000e+04
1.279999971389770508e+00 7.271765625000000000e+04
1.281000018119812012e+00 7.282531250000000000e+04
1.282000064849853516e+00 7.293128125000000000e+04
1.282999992370605469e+00 7.303440625000000000e+04
1.284000039100646973e+00 7.313759375000000000e+04
1.284999966621398926e+00 7.323618750000000000e+04
1.286000013351440430e+00 7.332925000000000000e+04
1.287000060081481934e+00 7.341618750000000000e+04
1.287999987602233887e+00 7.349884375000000000e+04
1.289000034332275391e+00 7.357334375000000000e+04
1.290000081062316895e+00 7.363965625000000000e+04
1.291000008583068848e+00 7.369718750000000000e+04
1.292000055313110352e+00 7.374359375000000000e+04
1.292999982833862305e+00 7.378021875000000000e+04
1.294000029563903809e+00 7.380278125000000000e+04
1.295000076293945312e+00 7.381356250000000000e+04
1.296000003814697266e+00 7.381218750000000000e+04
1.297000050544738770e+00 7.379506250000000000e+04
1.298000097274780273e+00 7.376368750000000000e+04
1.299000024795532227e+00 7.371456250000000000e+04
1.300000071525573730e+00 7.365062500000000000e+04
1.300999999046325684e+00 7.356784375000000000e+04
1.302000045776367188e+00 7.346684375000000000e+04
1.303000092506408691e+00 7.334631250000000000e+04
1.304000020027160645e+00 7.320793750000000000e+04
1.304999947547912598e+00 7.304856250000000000e+04
1.305999994277954102e+00 7.286775000000000000e+04
1.306999921798706055e+00 7.266718750000000000e+04
1.307999968528747559e+00 7.244781250000000000e+04
1.308999896049499512e+00 7.220368750000000000e+04
1.309999942779541016e+00 7.194000000000000000e+04
1.310999989509582520e+00 7.165334375000000000e+04
1.311999917030334473e+00 7.134506250000000000e+04
1.312999963760375977e+00 7.101481250000000000e+04
1.314000010490417480e+00 7.066206250000000000e+04
1.314999938011169434e+00 7.028975000000000000e+04
1.315999984741210938e+00 6.989415625000000000e+04
1.316999912261962891e+00 6.947718750000000000e+04
1.317999958992004395e+00 6.903859375000000000e+04
1.319000005722045898e+00 6.857937500000000000e+04
1.319999933242797852e+00 6.810062500000000000e+04
1.320999979972839355e+00 6.760203125000000000e+04
1.322000026702880859e+00 6.708303125000000000e+04
1.322999954223632812e+00 6.654625000000000000e+04
1.324000000953674316e+00 6.599081250000000000e+04
1.324999928474426270e+00 6.541837500000000000e+04
1.325999975204467773e+00 6.483021875000000000e+04
1.327000021934509277e+00 6.422378125000000000e+04
1.327999949455261230e+00 6.360337500000000000e+04
1.328999996185302734e+00 6.297018750000000000e+04
1.330000042915344238e+00 6.232309375000000000e+04
1.330999970436096191e+00 6.166271875000000000e+04
1.332000017166137695e+00 6.099112500000000000e+04
1.332999944686889648e+00 6.031034375000000000e+04
1.333999991416931152e+00 5.961887500000000000e+04
1.335000038146972656e+00 5.891981250000000000e+04
1.335999965667724609e+00 5.821425000000000000e+04
1.337000012397766113e+00 5.750081250000000000e+04
1.338000059127807617e+00 5.678415625000000000e+04
1.338999986648559570e+00 5.606240625000000000e+04
1.340000033378601074e+00 5.533796875000000000e+04
1.340999960899353027e+00 5.461178125000000000e+04
1.342000007629394531e+00 5.388396875000000000e+04
1.343000054359436035e+00 5.315718750000000000e+04
1.343999981880187988e+00 5.243181250000000000e+04
1.345000028610229492e+00 5.170762500000000000e+04
1.346000075340270996e+00 5.098737500000000000e+04
1.347000002861022949e+00 5.027196875000000000e+04
1.348000049591064453e+00 4.956021875000000000e+04
1.348999977111816406e+00 4.885534375000000000e+04
1.350000023841857910e+00 4.815659375000000000e+04
1.351000070571899414e+00 4.746659375000000000e+04
1.351999998092651367e+00 4.678446875000000000e+04
1.353000044822692871e+00 4.611068750000000000e+04
1.354000091552734375e+00 4.544834375000000000e+04
1.355000019073486328e+00 4.479637500000000000e+04
1.356000065803527832e+00 4.415309375000000000e+04
1.356999993324279785e+00 4.352290625000000000e+04
1.358000040054321289e+00 4.290421875000000000e+04
1.359000086784362793e+00 4.229709375000000000e+04
1.360000014305114746e+00 4.170462500000000000e+04
1.360999941825866699e+00 4.112331250000000000e+04
1.361999988555908203e+00 4.055590625000000000e+04
1.362999916076660156e+00 4.000187500000000000e+04
1.363999962806701660e+00 3.946181250000000000e+04
1.364999890327453613e+00 3.893500000000000000e+04
1.365999937057495117e+00 3.842093750000000000e+04
1.366999983787536621e+00 3.792068750000000000e+04
1.367999911308288574e+00 3.743540625000000000e+04
1.368999958038330078e+00 3.696228125000000000e+04
1.370000004768371582e+00 3.650021875000000000e+04
1.370999932289123535e+00 3.605265625000000000e+04
1.371999979019165039e+00 3.561728125000000000e+04
1.372999906539916992e+00 3.519296875000000000e+04
1.373999953269958496e+00 3.478278125000000000e+04
1.375000000000000000e+00 3.438009375000000000e+04
1.375999927520751953e+00 3.399040625000000000e+04
1.376999974250793457e+00 3.360965625000000000e+04
1.378000020980834961e+00 3.324018750000000000e+04
1.378999948501586914e+00 3.287678125000000000e+04
1.379999995231628418e+00 3.252343750000000000e+04
1.380999922752380371e+00 3.217637500000000000e+04
1.381999969482421875e+00 3.183862500000000000e+04
1.383000016212463379e+00 3.150665625000000000e+04
1.383999943733215332e+00 3.117787500000000000e+04
1.384999990463256836e+00 3.085512500000000000e+04
1.386000037193298340e+00 3.053759375000000000e+04
1.386999964714050293e+00 3.022371875000000000e+04
1.388000011444091797e+00 2.991212500000000000e+04
1.388999938964843750e+00 2.960118750000000000e+04
1.389999985694885254e+00 2.929156250000000000e+04
1.391000032424926758e+00 2.898290625000000000e+04
1.391999959945678711e+00 2.867681250000000000e+04
1.393000006675720215e+00 2.836840625000000000e+04
1.394000053405761719e+00 2.805650000000000000e+04
1.394999980926513672e+00 2.774503125000000000e+04
1.396000027656555176e+00 2.742943750000000000e+04
1.396999955177307129e+00 2.711109375000000000e+04
1.398000001907348633e+00 2.678978125000000000e+04
1.399000048637390137e+00 2.646393750000000000e+04
1.399999976158142090e+00 2.613293750000000000e+04
1.401000022888183594e+00 2.579800000000000000e+04
1.402000069618225098e+00 2.545643750000000000e+04
1.402999997138977051e+00 2.511128125000000000e+04
1.404000043869018555e+00 2.475825000000000000e+04
1.404999971389770508e+00 2.439965625000000000e+04
1.406000018119812012e+00 2.403350000000000000e+04
1.407000064849853516e+00 2.366128125000000000e+04
1.407999992370605469e+00 2.328496875000000000e+04
1.409000039100646973e+00 2.289993750000000000e+04
1.410000085830688477e+00 2.250821875000000000e+04
1.411000013351440430e+00 2.211118750000000000e+04
1.412000060081481934e+00 2.170506250000000000e+04
1.412999987602233887e+00 2.129612500000000000e+04
1.414000034332275391e+00 2.087834375000000000e+04
1.415000081062316895e+00 2.045612500000000000e+04
1.416000008583068848e+00 2.002931250000000000e+04
1.417000055313110352e+00 1.959493750000000000e+04
1.418000102043151855e+00 1.916031250000000000e+04
1.419000029563903809e+00 1.871915625000000000e+04
1.420000076293945312e+00 1.827221875000000000e+04
1.421000003814697266e+00 1.782371875000000000e+04
1.422000050544738770e+00 1.737278125000000000e+04
1.423000097274780273e+00 1.692015625000000000e+04
1.424000024795532227e+00 1.646625000000000000e+04
1.424999952316284180e+00 1.601171875000000000e+04
1.425999999046325684e+00 1.555687500000000000e+04
1.426999926567077637e+00 1.510221875000000000e+04
1.427999973297119141e+00 1.465068750000000000e+04
1.428999900817871094e+00 1.420034375000000000e+04
1.429999947547912598e+00 1.375237500000000000e+04
1.430999994277954102e+00 1.330931250000000000e+04
1.431999921798706055e+00 1.287040625000000000e+04
1.432999968528747559e+00 1.243803125000000000e+04
1.434000015258789062e+00 1.201093750000000000e+04
1.434999942779541016e+00 1.159143750000000000e+04
1.435999989509582520e+00 1.117887500000000000e+04
1.436999917030334473e+00 1.077534375000000000e+04
1.437999963760375977e+00 1.038206250000000000e+04
1.439000010490417480e+00 9.998125000000000000e+03
1.439999938011169434e+00 9.623937500000000000e+03
1.440999984741210938e+00 9.264312500000000000e+03
1.442000031471252441e+00 8.914156250000000000e+03
1.442999958992004395e+00 8.577875000000000000e+03
1.444000005722045898e+00 8.256000000000000000e+03
1.444999933242797852e+00 7.947406250000000000e+03
1.445999979972839355e+00 7.654281250000000000e+03
1.447000026702880859e+00 7.375781250000000000e+03
1.447999954223632812e+00 7.114312500000000000e+03
1.449000000953674316e+00 6.868562500000000000e+03
1.450000047683715820e+00 6.638125000000000000e+03
1.450999975204467773e+00 6.425562500000000000e+03
1.452000021934509277e+00 6.231437500000000000e+03
1.452999949455261230e+00 6.055125000000000000e+03
1.453999996185302734e+00 5.894375000000000000e+03
1.455000042915344238e+00 5.753687500000000000e+03
1.455999970436096191e+00 5.631343750000000000e+03
1.457000017166137695e+00 5.525781250000000000e+03
1.458000063896179199e+00 5.440343750000000000e+03
1.458999991416931152e+00 5.371656250000000000e+03
1.460000038146972656e+00 5.321218750000000000e+03
1.460999965667724609e+00 5.289375000000000000e+03
1.462000012397766113e+00 5.275343750000000000e+03
1.463000059127807617e+00 5.278593750000000000e+03
1.463999986648559570e+00 5.300312500000000000e+03
1.465000033378601074e+00 5.337718750000000000e+03
1.466000080108642578e+00 5.391781250000000000e+03
1.467000007629394531e+00 5.462781250000000000e+03
1.468000054359436035e+00 5.550156250000000000e+03
1.468999981880187988e+00 5.652562500000000000e+03
1.470000028610229492e+00 5.768656250000000000e+03
1.471000075340270996e+00 5.901125000000000000e+03
1.472000002861022949e+00 6.046968750000000000e+03
1.473000049591064453e+00 6.203937500000000000e+03
1.474000096321105957e+00 6.374593750000000000e+03
1.475000023841857910e+00 6.556031250000000000e+03
1.476000070571899414e+00 6.750593750000000000e+03
1.476999998092651367e+00 6.955218750000000000e+03
1.478000044822692871e+00 7.169187500000000000e+03
1.479000091552734375e+00 7.391437500000000000e+03
1.480000019073486328e+00 7.623437500000000000e+03
1.480999946594238281e+00 7.862468750000000000e+03
1.481999993324279785e+00 8.107593750000000000e+03
1.482999920845031738e+00 8.360406250000000000e+03
1.483999967575073242e+00 8.617500000000000000e+03
1.484999895095825195e+00 8.880062500000000000e+03
1.485999941825866699e+00 9.145781250000000000e+03
1.486999988555908203e+00 9.413593750000000000e+03
1.487999916076660156e+00 9.687000000000000000e+03
1.488999962806701660e+00 9.961031250000000000e+03
1.490000009536743164e+00 1.023631250000000000e+04
1.490999937057495117e+00 1.051128125000000000e+04
1.491999983787536621e+00 1.078828125000000000e+04
1.492999911308288574e+00 1.106256250000000000e+04
1.493999958038330078e+00 1.133862500000000000e+04
1.495000004768371582e+00 1.161253125000000000e+04
1.495999932289123535e+00 1.188428125000000000e+04
1.496999979019165039e+00 1.215268750000000000e+04
1.498000025749206543e+00 1.242012500000000000e+04
1.498999953269958496e+00 1.268381250000000000e+04
1.500000000000000000e+00 1.294634375000000000e+04
1.500999927520751953e+00 1.320353125000000000e+04
1.501999974250793457e+00 1.345746875000000000e+04
1.503000020980834961e+00 1.370878125000000000e+04
1.503999948501586914e+00 1.395453125000000000e+04
1.504999995231628418e+00 1.419853125000000000e+04
1.506000041961669922e+00 1.443731250000000000e+04
1.506999969482421875e+00 1.467284375000000000e+04
1.508000016212463379e+00 1.490459375000000000e+04
1.508999943733215332e+00 1.513534375000000000e+04
1.509999990463256836e+00 1.535984375000000000e+04
1.511000037193298340e+00 1.558271875000000000e+04
1.511999964714050293e+00 1.580359375000000000e+04
1.513000011444091797e+00 1.602153125000000000e+04
1.514000058174133301e+00 1.623590625000000000e+04
1.514999985694885254e+00 1.645153125000000000e+04
1.516000032424926758e+00 1.666437500000000000e+04
1.516999959945678711e+00 1.687550000000000000e+04
1.518000006675720215e+00 1.708925000000000000e+04
1.519000053405761719e+00 1.730265625000000000e+04
1.519999980926513672e+00 1.751609375000000000e+04
1.521000027656555176e+00 1.773178125000000000e+04
1.522000074386596680e+00 1.794971875000000000e+04
1.523000001907348633e+00 1.817071875000000000e+04
1.524000048637390137e+00 1.839350000000000000e+04
1.524999976158142090e+00 1.862246875000000000e+04
1.526000022888183594e+00 1.885678125000000000e+04
1.527000069618225098e+00 1.909425000000000000e+04
1.527999997138977051e+00 1.934078125000000000e+04
1.529000043869018555e+00 1.959390625000000000e+04
1.530000090599060059e+00 1.985375000000000000e+04
1.531000018119812012e+00 2.012096875000000000e+04
1.532000064849853516e+00 2.039878125000000000e+04
1.532999992370605469e+00 2.068543750000000000e+04
1.534000039100646973e+00 2.098200000000000000e+04
1.535000085830688477e+00 2.129031250000000000e+04
1.536000013351440430e+00 2.160912500000000000e+04
1.536999940872192383e+00 2.193928125000000000e+04
1.537999987602233887e+00 2.228384375000000000e+04
1.538999915122985840e+00 2.264040625000000000e+04
1.539999961853027344e+00 2.301218750000000000e+04
1.540999889373779297e+00 2.339500000000000000e+04
1.541999936103820801e+00 2.379543750000000000e+04
1.542999982833862305e+00 2.420721875000000000e+04
1.543999910354614258e+00 2.463706250000000000e+04
1.544999957084655762e+00 2.507965625000000000e+04
1.546000003814697266e+00 2.554015625000000000e+04
1.546999931335449219e+00 2.601343750000000000e+04
1.547999978065490723e+00 2.650534375000000000e+04
1.548999905586242676e+00 2.701037500000000000e+04
1.549999952316284180e+00 2.753334375000000000e+04
1.550999999046325684e+00 2.807171875000000000e+04
1.551999926567077637e+00 2.862412500000000000e+04
1.552999973297119141e+00 2.919415625000000000e+04
1.554000020027160645e+00 2.977712500000000000e+04
1.554999947547912598e+00 3.037712500000000000e+04
1.555999994277954102e+00 3.099100000000000000e+04
1.556999921798706055e+00 3.161890625000000000e+04
1.557999968528747559e+00 3.226153125000000000e+04
1.559000015258789062e+00 3.291559375000000000e+04
1.559999942779541016e+00 3.358368750000000000e+04
1.560999989509582520e+00 3.426300000000000000e+04
1.562000036239624023e+00 3.495468750000000000e+04
1.562999963760375977e+00 3.565687500000000000e+04
1.564000010490417480e+00 3.636800000000000000e+04
1.564999938011169434e+00 3.709040625000000000e+04
1.565999984741210938e+00 3.781906250000000000e+04
1.567000031471252441e+00 3.855568750000000000e+04
1.567999958992004395e+00 3.930006250000000000e+04
1.569000005722045898e+00 4.004793750000000000e+04
1.570000052452087402e+00 4.080243750000000000e+04
1.570999979972839355e+00 4.156028125000000000e+04
1.572000026702880859e+00 4.231987500000000000e+04
1.572999954223632812e+00 4.308093750000000000e+04
1.574000000953674316e+00 4.384293750000000000e+04
1.575000047683715820e+00 4.460443750000000000e+04
1.575999975204467773e+00 4.536356250000000000e+04
1.577000021934509277e+00 4.612015625000000000e+04
1.578000068664550781e+00 4.687275000000000000e+04
1.578999996185302734e+00 4.761931250000000000e+04
1.580000042915344238e+00 4.836003125000000000e+04
1.580999970436096191e+00 4.909346875000000000e+04
1.582000017166137695e+00 4.981853125000000000e+04
1.583000063896179199e+00 5.053387500000000000e+04
1.583999991416931152e+00 5.123753125000000000e+04
1.585000038146972656e+00 5.192959375000000000e+04
1.586000084877014160e+00 5.260712500000000000e+04
1.587000012397766113e+00 5.327359375000000000e+04
1.588000059127807617e+00 5.392337500000000000e+04
1.588999986648559570e+00 5.455837500000000000e+04
1.590000033378601074e+00 5.517565625000000000e+04
1.591000080108642578e+00 5.577409375000000000e+04
1.592000007629394531e+00 5.635515625000000000e+04
1.593000054359436035e+00 5.691525000000000000e+04
1.594000101089477539e+00 5.745528125000000000e+04
1.595000028610229492e+00 5.797581250000000000e+04
1.596000075340270996e+00 5.847287500000000000e+04
1.597000002861022949e+00 5.894796875000000000e+04
1.598000049591064453e+00 5.940056250000000000e+04
1.599000096321105957e+00 5.982871875000000000e+04
1.600000023841857910e+00 6.023265625000000000e+04
